Barbados 2894618822 Bridgetown 2 0 908974595 0
Azerbaijan 2472296057 Baku 0 2 0 3753470790
Pakistan 2352510696 Islamabad 4 0 3618725790 2
Botswana 2205650038 Gaborone 1 2 2 1132441918
Zimbabwe 1947193732 Harare 3 1 0 32353 -24833 25211
Aruba 1455186872 Oranjestad 3 1 1 31187 -29049 23248
Transnistr 573902628 Tiraspol 1 0 75199465 2
Peru 1211334235 Lima 0 2 2 4189876823
Ireland 420480117 Dublin 4 0 3916259788 1
Mongolia 2099962471 Ulaanbaata 3 2 2 1752967644
Belize 4167428709 Belmopan 2 0 3946503888 2
Croatia 537639126 Zagreb 0 1 1 -25976 3991 57973
Somaliland 360726725 Hargeisa 4 2 1 871786049
Angola 2638587617 Luanda 3 1 0 21486 -2244 60256
Afghanista 346084499 Kabul 3 2 0 3692490181
Kyrgyzstan 463705518 Bishkek 4 0 1951601608 1
Ecuador 1716143447 Quito 3 2 0 1380704812
Cyprus 1710466494 Nicosia 2 2 1 3217160974
Greenland 2778546145 Nuuk 2 0 277252351 1
Romania 17030482 Bucharest 3 0 3203920171 2
Jamaica 2633406383 Kingston 1 0 203492757 0
Spain 1851914368 Madrid 0 2 0 377966235
Israel 1382770334 Jerusalem 4 1 2 -9775 -15686 17349
Venezuela 4098214537 Caracas 2 2 2 2724967455
Niger 3306582365 Niamey 0 2 1 2576284843
Mali 3425923420 Bamako 3 0 183606120 2
Turkey 2114961155 Ankara 4 1 1 27453 -24695 10443
Singapore 4294886578 Singapore 2 2 1 4223279636
Eritrea 3018333290 Asmara 0 0 173353565 0
Macedonia 1486818058 Skopje 1 1 2 30562 26535 57171
Liechtenst 2337206298 Vaduz 0 1 3 -21581 29161 37125
Ghana 3334902856 Accra 1 1 2 9282 1360 20729
Nicaragua 2839256245 Managua 1 2 0 2268417069
Nauru 3050543939 Yaren 1 0 3393261374 2
Georgia 3638878633 Tbilisi 1 2 1 1611939302
Hungary 3224152859 Budapest 0 0 4271943898 0
Kenya 1570542851 Nairobi 1 2 0 2150809069
Belarus 937013962 Minsk 4 1 1 -14948 -29689 44933
Montenegro 2576710409 Podgorica 3 2 0 734217919
Austria 2124289035 Vienna 0 2 0 4089676107
Libya 893732446 Tripoli 4 0 497225305 2
Kazakhstan 1455644171 Astana 3 2 1 1109102450
Netherland 2407307218 Amsterdam 4 0 3738720909 2
Poland 28138690 Warsaw 4 0 537490756 0
Comoros 954676183 Moroni 3 0 1661864686 2
Myanmar 3247017735 Naypyidaw 4 2 1 3363504503
Luxembourg 2554337348 Luxembourg 2 0 3493902178 0
Canada 4166415954 Ottawa 1 1 2 -29563 3680 24790
Slovenia 1420781631 Ljubljana 0 2 0 1052349952
Guinea 3906835075 Conakry 3 0 495239332 0
Palau 3260487139 Ngerulmud 0 1 0 -93 29315 35853
Monaco 1222992781 Monaco 1 1 3 1796 -7777 16690
Liberia 2657297629 Monrovia 4 2 1 2268851479
Iraq 1961960533 Baghdad 0 2 0 3306464139
Malta 1157487504 Valletta 0 2 1 4077302018
Bahamas 2786805622 Nassau 1 2 1 679842418
Bermuda 4105734493 Hamilton 0 0 1211015927 1
Jordan 3744128709 Amman 3 1 3 -28947 -12304 65023
Zambia 2171764343 Lusaka 0 1 1 10029 26634 38009
Tunisia 3788844724 Tunis 4 1 3 -955 28113 15091
Bolivia 1021976565 Sucre 0 1 1 -19878 17865 59714
Lebanon 1898290400 Beirut 2 1 0 -32368 -4083 14551
Wales 4256953388 Cardiff 0 2 2 2685077077
Latvia 636849904 Riga 1 1 1 -30612 -6642 9965
Mozambique 452048226 Maputo 3 2 0 677849700
Dominica 3757885862 Roseau 3 0 726052781 1
Montserrat 2381323544 Plymouth 4 2 2 3615621412
Mauritania 1502539591 Nouakchott 1 2 0 848373526
Laos 181611283 Vientiane 3 0 2694481643 1
