Ireland 3090164435 Dublin 3 2 0 1990390131
Tanzania 3647265319 Dodoma 2 1 3 -840037690 143213090 728754875
Austria 961183759 Vienna 1 0 2702166623 2
Oman 2230076314 Muscat 2 1 0 -1693317415 -129169665 2341475586
Venezuela 1868441425 Caracas 2 1 1 -1711425618 823954564 246513857
Somalia 4177409101 Mogadishu 2 1 2 1102924926 1495599416 4080455736
Malawi 2994182540 Lilongwe 2 2 1 64245262
Kenya 1992279108 Nairobi 0 2 0 1948649211
Estonia 844873926 Tallinn 3 0 3782223958 2
Algeria 367862049 Algiers 0 2 0 1452447628
Aruba 3614517243 Oranjestad 1 0 3087428125 0
Montserrat 752375632 Plymouth 3 1 3 327068932 -1963423482 1678741687
Kosovo 973715505 Pristina 1 2 2 2864361
Luxembourg 3654688720 Luxembourg 2 2 2 3256117648
Gabon 1292167096 Libreville 4 2 0 4263812089
Guinea 1521753909 Conakry 0 2 0 3042767377
Latvia 2794519743 Riga 3 1 3 1559387319 1962378261 3020108044
Fiji 3900790951 Suva 4 1 3 -1251307455 648327822 2174345105
Kazakhstan 1031515954 Astana 2 0 1833277118 1
Kyrgyzstan 2866649779 Bishkek 1 1 3 -974601260 2088090244 294501603
Mauritania 3853286537 Nouakchott 4 1 1 -1423659321 -842605565 663033267
Thailand 30470676 Bangkok 4 2 2 2156203084
Zambia 1992373464 Lusaka 4 1 1 -738917070 1972533819 3759636727
Niue 3238529158 Alofi 0 1 0 -274140534 -1088856477 2184724122
Monaco 2619690938 Monaco 1 2 2 429693820
Pakistan 1240592814 Islamabad 3 2 1 21393303
Mali 766005754 Bamako 2 0 656773132 0
Nepal 1502510216 Kathmandu 3 0 92342045 0
Burundi 3183159626 Bujumbura 2 1 2 -2001120703 -1336111852 2807162037
Serbia 1786030903 Belgrade 4 1 2 555331033 -470428387 3350959325
Japan 2601821052 Tokyo 1 1 3 -254457763 -1767093942 751486793
Eritrea 2557940713 Asmara 2 0 1776319328 2
Scotland 1193533647 Edinburgh 4 0 475279148 2
Egypt 1931177447 Cairo 1 2 1 2510545310
Honduras 454127752 Tegucigalp 1 1 2 629558189 934608590 500554811
Myanmar 1297585675 Naypyidaw 4 2 0 2514361868
Samoa 844030255 Apia 0 0 2034944610 1
Greece 1936604314 Athens 4 0 537415304 0
Jamaica 4127864051 Kingston 0 0 4206074346 0
Cuba 3311757571 Havana 2 0 2972221629 2
China 3013186689 Beijing 2 2 1 2160613069
Albania 706392972 Tirana 4 0 3589262287 0
Ghana 764039199 Accra 3 1 0 1599318328 1928192391 1454540674
Morocco 260923422 Rabat 4 0 299284553 1
Bermuda 2397369662 Hamilton 0 1 2 -911727788 -1978931822 4120187107
Lesotho 3495091892 Maseru 0 0 2934152841 1
Seychelles 741274537 Victoria 0 0 3154255010 2
Singapore 93797903 Singapore 4 0 208557826 0
Comoros 2722214549 Moroni 0 1 3 248161255 -634162274 3764255563
Tajikistan 3417138657 Dushanbe 0 2 2 4091083800
Bhutan 2944317515 Thimphu 0 2 1 917338997
France 2230717044 Paris 0 0 696859750 2
Kiribati 1190849351 Tarawa 0 2 1 1928064796
Gambia 1850017490 Banjul 4 0 1158754994 1
Suriname 3767380138 Paramaribo 2 0 998956799 1
Canada 2874513048 Ottawa 2 0 685319534 1
Sweden 1206831564 Stockholm 3 1 1 1130545759 -872328373 2207809702
Russia 24406337 Moscow 3 1 1 -1924967837 -2057637124 2052532150
Azerbaijan 4069726082 Baku 2 1 2 132785906 -240133217 3816560363
Tunisia 1311876102 Tunis 4 0 2862383182 0
Uganda 3908051566 Kampala 0 2 2 3587745418
Australia 1275747428 Canberra 2 1 0 -1102241791 -569367962 3960393159
Palestine 1350841288 Jerusalem 4 1 0 1946853602 -1871887405 3918994851
Syria 3987426415 Damascus 1 2 2 2777219165
Sudan 612695348 Khartoum 1 1 2 1987089560 -1472169109 2216679062
Cyprus 792096782 Nicosia 1 2 2 46499721
Bahrain 231540801 Manama 0 1 0 -1388249948 -1171734997 1782510623
Djibouti 922256703 Djibouti 3 1 0 -1223666843 -248973470 3857729502
Uruguay 366594152 Montevideo 4 0 1594970987 2
Georgia 2796751015 Tbilisi 4 0 3879724448 0
Lithuania 636639770 Vilnius 1 1 1 694239349 1204620617 977848428
Macedonia 4182214840 Skopje 3 2 0 3048989840
Bulgaria 3741971441 Sofia 0 1 0 -1672055913 -1722480949 3148781538
Turkey 2156583481 Ankara 1 0 801663381 1
Moldova 3048829979 Chisinau 3 1 0 2071082336 -1643747270 3357921621
Zimbabwe 2950493976 Harare 4 2 1 12405026
Mongolia 725761827 Ulaanbaata 1 2 2 264407846
Nigeria 1672451627 Abuja 4 0 1547216381 2
Belgium 4148665558 Brussels 4 2 2 2023960546
Laos 2831640262 Vientiane 4 0 2855974487 2
Greenland 323080526 Nuuk 3 2 0 3742458350
Guyana 1485018597 Georgetown 1 2 2 1480436470
Slovakia 2395625839 Bratislava 2 0 3069356100 2
Iran 3410489216 Tehran 2 0 3022157585 2
Madagascar 3226121528 Antananari 1 2 2 3139100443
Liechtenst 4012100301 Vaduz 4 0 3724621883 0
Portugal 3107007662 Lisbon 0 1 3 -1582747794 -1490769937 829643892
Norway 167479715 Oslo 1 2 0 3186477337
Wales 547247893 Cardiff 0 2 0 1670215460
Nauru 3489777725 Yaren 1 0 3044561392 0
Niger 814949555 Niamey 3 2 2 797395473
Bahamas 1532854749 Nassau 4 0 2344681450 2
Namibia 3631411466 Windhoek 0 2 0 2224243423
Qatar 171301590 Doha 1 1 1 1936096974 -1528986211 2923471535
Gibraltar 3350318346 Gibraltar 1 1 3 1995492027 429874907 1478660316
Dominica 822208050 Roseau 0 1 1 2095943738 1108309727 1015239272
Swaziland 1084490615 Mbabane 4 1 2 95805244 1837626872 2164703501
Malta 82592953 Valletta 2 0 3227923015 2
Armenia 450162692 Yerevan 4 1 0 -1405952421 811604417 854009749
Belize 2056235381 Belmopan 0 2 2 2150927824
Mozambique 509707842 Maputo 1 0 462759358 2
Libya 2700726610 Tripoli 0 1 3 -465826091 358017696 887556141
Angola 1496056492 Luanda 0 2 2 1477480000
Germany 2192231894 Berlin 2 2 1 3475227087
Afghanista 129755023 Kabul 0 2 1 4109028444
Denmark 1098348578 Copenhagen 3 1 0 -1681240542 393297886 838420391
Netherland 4102733072 Amsterdam 2 1 2 -251181992 -673591423 1680647400
Uzbekistan 1841033302 Tashkent 4 1 3 -944045095 -742922979 1454455660
Rwanda 1287311999 Kigali 3 1 1 -1020994642 1803166148 474145895
Israel 736826853 Jerusalem 1 2 0 353356951
Bangladesh 3093437497 Dhaka 0 0 2694834882 1
Turkmenist 1918484645 Ashgabat 4 2 0 3033241073
Italy 1588114744 Rome 1 0 1496404367 2
Montenegro 1294455382 Podgorica 2 2 1 932402271
Iraq 1126725408 Baghdad 2 2 2 465333730
Lebanon 758308203 Beirut 0 2 1 4020986689
Switzerlan 3828321101 Bern 1 0 1716228969 1
Botswana 4272584971 Gaborone 0 1 1 -1890686000 1953557990 4041612068
Vietnam 236401327 Hanoi 3 0 4066167132 1
Indonesia 311949952 Jakarta 2 1 3 -1032513960 697640996 133597894
Transnistr 991964028 Tiraspol 3 0 2353775070 1
Slovenia 1840960510 Ljubljana 1 2 0 2417335270
Bolivia 1190890172 Sucre 3 1 3 1715221313 1422055246 3540127568
Palau 33659391 Ngerulmud 1 2 1 551648012
Peru 3125507855 Lima 4 0 2880688667 0
Senegal 2665393982 Dakar 2 2 1 3777496434
Tuvalu 1057786446 Funafuti 1 2 0 3655125094
Liberia 1681870781 Monrovia 2 0 1601435781 2
Barbados 1229337773 Bridgetown 0 2 2 1878160606
Somaliland 1941985827 Hargeisa 0 1 1 281158599 1654124752 4022815071
Finland 3659205821 Helsinki 2 2 0 3665568451
Chile 2795347543 Santiago 0 0 1465155792 1
Ecuador 1706404980 Quito 2 0 1304082498 1
Nicaragua 3920846754 Managua 0 1 3 1427680782 1096015670 2539765669
Poland 2102511344 Warsaw 1 1 2 308708879 -1956872035 317260045
Philippine 2669253878 Manila 3 0 1948582483 0
Hungary 2507194899 Budapest 1 0 1498776637 2
Jordan 2711993558 Amman 1 0 1434874031 2
Belarus 852380355 Minsk 4 2 0 1768404744
