-184
787
480
-24
513
500
-742
-594
104
-199
-920
-267
588
978
59
325
-577
-878
632
-961
356
176
-282
52
-471
367
-753
-55
757
439
-749
864
-154
926
327
-26
454
-682
-737
-30
117
556
-442
915
533
-105
-847
259
-876
-263
-637
915
781
-767
300
592
13
-966
328
910
-576
544
864
506
-416
-77
994
763
16
-907
56
-796
517
-780
630
-481
-796
621
113
536
-741
64
165
367
-518
491
128
-90
307
461
-684
-652
841
159
-937
-780
-987
-730
403
-621
982
-456
-608
377
686
50
-496
141
-82
270
-386
-652
398
-167
647
-506
423
855
728
-721
-644
671
751
-640
-579
996
71
270
100
-434
-388
-200
89
401
-963
468
569
735
860
221
692
879
-213
-993
-890
-923
115
46
639
469
-284
-408
904
17
-470
447
-944
473
-517
-427
579
-135
-383
-97
-905
495
-462
-790
28
991
185
-250
-554
150
578
638
803
-908
-705
694
-965
927
79
-617
864
582
577
-551
-134
-335
-977
71
-947
78
-459
-928
429
839
388
537
56
-340
-21
913
729
-552
-835
279
401
-566
-617
-556
-421
-462
-885
306
-108
-23
-780
410
-181
-918
-550
749
941
-267
166
-443
-904
-177
258
-273
-252
-346
-189
-511
-740
786
75
-744
-430
885
-361
-272
-735
50
-445
653
43
977
841
-671
-588
-270
-118
-610
723
956
829
714
805
741
212
-909
317
-468
888
-660
67
555
82
-582
-464
-914
-224
-676
-287
121
-327
114
514
919
622
214
-445
177
-926
479
513
203
720
499
447
722
-911
211
682
-827
597
918
300
145
-677
453
-7
362
356
531
-405
477
-139
373
701
784
458
692
596
599
788
-560
-932
955
-431
472
-641
-262
861
-965
-592
660
871
896
-145
-646
-827
80
290
-595
-915
-684
483
894
125
-132
981
-165
-929
-190
774
119
-993
-431
-710
-946
841
-167
-866
340
-656
-122
269
103
8
238
-650
-564
-740
-516
-504
283
937
31
-778
988
412
799
-7
174
-791
448
185
322
-857
-746
301
131
-951
-779
-171
564
899
60
-135
-978
-470
-202
-151
198
-762
-411
210
286
854
-21
-132
-990
548
-464
333
117
-409
-929
668
-852
999
193
-514
-582
-547
-365
748
-505
-512
222
-716
-748
-151
-998
872
376
183
553
178
468
-925
115
-611
675
913
163
704
516
276
506
772
-880
884
-20
72
190
814
-386
-272
-893
-921
-365
22
475
-241
63
455
-92
-270
-193
-542
-858
806
640
191
132
-653
-666
526
-944
627
101
639
155
-352
697
260
442
253
-112
-652
-879
-144
-218
952
879
54
965
-81
88
688
-912
80
-489
-986
806
